Distance: 
42.500 57.500 72.500 87.500 102.500 117.500 132.500 147.500 162.500 177.500 192.500 207.500 222.500 237.500 252.500 267.500 282.500 297.500 312.500 327.500 342.500 357.500 372.500 387.500 402.500 417.500 432.500 447.500 462.500 477.500 492.500 

SNR: 
14.656 14.466 14.062 13.913 13.592 13.318 12.606 12.368 11.749 11.185 10.636 10.248 9.610 9.038 8.425 7.907 7.176 10.089 12.658 11.874 11.330 10.219 9.594 9.167 8.049 7.353 6.518 5.735 4.838 3.519 3.993 
Mean SNR: 10.955

Throughput per PRB: 
561.754 550.367 529.856 520.272 502.558 489.659 448.310 436.105 406.221 377.333 359.622 347.255 324.481 305.888 286.026 274.856 255.680 290.134 384.206 357.007 328.564 294.525 271.829 262.760 233.008 212.985 193.301 178.715 163.329 139.036 146.451 
Mean throughput per PRB: 372.519

Throughput: 
3091.896 2939.510 2917.915 2473.896 2245.429 2225.501 1901.284 1747.472 1688.255 1625.171 1633.404 1535.560 1430.962 1332.143 1129.515 1060.943 934.255 1123.398 1481.499 1329.493 1193.674 1097.107 965.265 931.223 752.149 649.818 498.137 270.754 159.082 74.523 27.972 
Mean throughput: 1369.910
Cell throughput: 42467.202

Number of PRBs: 
5.504 5.341 5.507 4.755 4.468 4.545 4.241 4.007 4.156 4.307 4.542 4.422 4.410 4.355 3.949 3.860 3.654 3.872 3.856 3.724 3.633 3.725 3.551 3.544 3.228 3.051 2.577 1.515 0.974 0.536 0.191 
Cell PRBs: 114.000

SNR for CDF: 
-10.000 -9.500 -9.000 -8.500 -8.000 -7.500 -7.000 -6.500 -6.000 -5.500 -5.000 -4.500 -4.000 -3.500 -3.000 -2.500 -2.000 -1.500 -1.000 -0.500 0.000 0.500 1.000 1.500 2.000 2.500 3.000 3.500 4.000 4.500 5.000 5.500 6.000 6.500 7.000 7.500 8.000 8.500 9.000 9.500 10.000 10.500 11.000 11.500 12.000 12.500 13.000 13.500 14.000 14.500 15.000 15.500 16.000 16.500 17.000 17.500 18.000 18.500 19.000 19.500 20.000 20.500 21.000 21.500 22.000 22.500 23.000 23.500 24.000 24.500 25.000 25.500 26.000 26.500 27.000 27.500 28.000 28.500 29.000 29.500 30.000 

Probability for SNR(CDF): 
0.00000 0.00000 0.00000 0.00000 0.00000 0.00000 0.00000 0.00541 0.02539 0.02554 0.02810 0.03645 0.06234 0.06239 0.06555 0.07635 0.10667 0.10680 0.11293 0.12729 0.16842 0.16894 0.18005 0.20046 0.24195 0.24223 0.25936 0.28085 0.32682 0.32697 0.34297 0.36515 0.40374 0.40587 0.42806 0.48622 0.48777 0.49343 0.51678 0.57871 0.57976 0.58610 0.61030 0.66858 0.66907 0.68310 0.71132 0.76318 0.76340 0.78804 0.86665 0.87579 0.88760 0.92783 0.98295 0.98481 0.98667 0.98911 0.99279 0.99279 0.99346 0.99442 0.99525 1.00000 1.00000 1.00000 1.00000 1.00000 1.00000 1.00000 1.00000 1.00000 1.00000 1.00000 1.00000 1.00000 1.00000 1.00000 1.00000 1.00000 1.00000 

Throughput for CDF: 
0.000 12.500 25.000 37.500 50.000 62.500 75.000 87.500 100.000 112.500 125.000 137.500 150.000 162.500 175.000 187.500 200.000 212.500 225.000 237.500 250.000 262.500 275.000 287.500 300.000 312.500 325.000 337.500 350.000 362.500 375.000 387.500 400.000 412.500 425.000 437.500 450.000 462.500 475.000 487.500 500.000 512.500 525.000 537.500 550.000 562.500 575.000 587.500 600.000 612.500 625.000 637.500 650.000 662.500 675.000 687.500 700.000 712.500 725.000 737.500 750.000 762.500 775.000 787.500 800.000 812.500 825.000 837.500 850.000 862.500 875.000 887.500 900.000 912.500 925.000 937.500 950.000 962.500 975.000 987.500 1000.000 

Probability for throughput(CDF): 
0.00000 0.00000 0.02554 0.02554 0.06239 0.10680 0.10680 0.10680 0.16890 0.16890 0.16890 0.16890 0.24216 0.24216 0.24216 0.24216 0.32692 0.32692 0.32692 0.32692 0.40388 0.40388 0.40388 0.40388 0.40388 0.48779 0.48779 0.48779 0.48779 0.48779 0.48779 0.48779 0.57980 0.57980 0.57980 0.57980 0.66906 0.66906 0.66906 0.66906 0.66906 0.66906 0.66906 0.66906 0.76325 0.76325 0.76325 0.76325 0.76325 0.76325 0.76325 0.87582 0.87582 0.87582 0.87582 0.87582 0.87582 0.87582 0.87582 0.98482 0.98482 0.98482 0.98482 0.98482 0.98482 0.98482 0.98482 0.99279 0.99279 0.99279 0.99279 0.99279 0.99429 0.99429 0.99429 0.99429 0.99429 0.99429 0.99429 0.99429 1.00000 