Distance: 
42.500 57.500 72.500 87.500 102.500 117.500 132.500 147.500 162.500 177.500 192.500 207.500 222.500 237.500 252.500 267.500 282.500 297.500 312.500 327.500 342.500 357.500 372.500 387.500 402.500 417.500 432.500 447.500 462.500 477.500 492.500 

SNR: 
14.548 14.350 14.044 13.575 13.279 12.905 12.794 11.904 11.406 10.868 10.353 9.924 9.319 8.651 14.309 15.028 14.565 13.970 12.936 12.256 11.494 10.646 9.703 9.221 8.553 7.375 6.692 6.194 5.641 4.769 3.819 
Mean SNR: 11.757

Throughput per PRB: 
554.569 544.095 528.903 502.369 485.194 467.176 462.891 418.326 397.728 369.604 351.048 333.707 314.721 295.302 448.785 492.995 474.807 440.016 392.927 368.854 342.308 313.148 281.329 266.244 250.962 220.781 203.030 194.471 176.087 162.489 142.193 
Mean throughput per PRB: 395.713

Throughput: 
2673.023 2601.317 2608.550 2111.457 1926.705 1782.744 1683.997 1442.388 1449.718 1327.249 1295.018 1344.505 1245.352 1198.334 1736.798 1766.895 1775.304 1587.136 1348.133 1283.243 1130.986 982.970 868.180 804.590 726.034 630.108 489.099 277.704 156.365 87.094 21.755 
Mean throughput: 1302.024
Cell throughput: 40362.751

Number of PRBs: 
4.820 4.781 4.932 4.203 3.971 3.816 3.638 3.448 3.645 3.591 3.689 4.029 3.957 4.058 3.870 3.584 3.739 3.607 3.431 3.479 3.304 3.139 3.086 3.022 2.893 2.854 2.409 1.428 0.888 0.536 0.153 
Cell PRBs: 102.000

SNR for CDF: 
-10.000 -9.500 -9.000 -8.500 -8.000 -7.500 -7.000 -6.500 -6.000 -5.500 -5.000 -4.500 -4.000 -3.500 -3.000 -2.500 -2.000 -1.500 -1.000 -0.500 0.000 0.500 1.000 1.500 2.000 2.500 3.000 3.500 4.000 4.500 5.000 5.500 6.000 6.500 7.000 7.500 8.000 8.500 9.000 9.500 10.000 10.500 11.000 11.500 12.000 12.500 13.000 13.500 14.000 14.500 15.000 15.500 16.000 16.500 17.000 17.500 18.000 18.500 19.000 19.500 20.000 20.500 21.000 21.500 22.000 22.500 23.000 23.500 24.000 24.500 25.000 25.500 26.000 26.500 27.000 27.500 28.000 28.500 29.000 29.500 30.000 

Probability for SNR(CDF): 
0.00000 0.00000 0.00000 0.00000 0.00000 0.00000 0.00000 0.00503 0.02267 0.02276 0.02472 0.03277 0.05630 0.05636 0.05993 0.06929 0.09595 0.09601 0.10151 0.11583 0.15575 0.15626 0.16729 0.18663 0.22665 0.22681 0.24326 0.26199 0.30475 0.30493 0.32013 0.34040 0.37717 0.37943 0.39955 0.45399 0.45539 0.46112 0.48324 0.54192 0.54284 0.54895 0.57307 0.63140 0.63177 0.64513 0.67240 0.72624 0.72639 0.75324 0.83662 0.84459 0.85508 0.89689 0.96029 0.96147 0.96522 0.97117 0.98168 0.98168 0.98440 0.98831 0.99092 1.00000 1.00000 1.00000 1.00000 1.00000 1.00000 1.00000 1.00000 1.00000 1.00000 1.00000 1.00000 1.00000 1.00000 1.00000 1.00000 1.00000 1.00000 

Throughput for CDF: 
0.000 12.500 25.000 37.500 50.000 62.500 75.000 87.500 100.000 112.500 125.000 137.500 150.000 162.500 175.000 187.500 200.000 212.500 225.000 237.500 250.000 262.500 275.000 287.500 300.000 312.500 325.000 337.500 350.000 362.500 375.000 387.500 400.000 412.500 425.000 437.500 450.000 462.500 475.000 487.500 500.000 512.500 525.000 537.500 550.000 562.500 575.000 587.500 600.000 612.500 625.000 637.500 650.000 662.500 675.000 687.500 700.000 712.500 725.000 737.500 750.000 762.500 775.000 787.500 800.000 812.500 825.000 837.500 850.000 862.500 875.000 887.500 900.000 912.500 925.000 937.500 950.000 962.500 975.000 987.500 1000.000 

Probability for throughput(CDF): 
0.00000 0.00000 0.02276 0.02276 0.05636 0.09601 0.09601 0.09601 0.15625 0.15625 0.15625 0.15625 0.22673 0.22673 0.22673 0.22673 0.30489 0.30489 0.30489 0.30489 0.37725 0.37725 0.37725 0.37725 0.37725 0.45541 0.45541 0.45541 0.45541 0.45541 0.45541 0.45541 0.54285 0.54285 0.54285 0.54285 0.63177 0.63177 0.63177 0.63177 0.63177 0.63177 0.63177 0.63177 0.72632 0.72632 0.72632 0.72632 0.72632 0.72632 0.72632 0.84471 0.84471 0.84471 0.84471 0.84471 0.84471 0.84471 0.84471 0.96147 0.96147 0.96147 0.96147 0.96147 0.96147 0.96147 0.96147 0.98168 0.98168 0.98168 0.98168 0.98168 0.98804 0.98804 0.98804 0.98804 0.98804 0.98804 0.98804 0.98804 1.00000 