Distance: 
42.500 57.500 72.500 87.500 102.500 117.500 132.500 147.500 162.500 177.500 192.500 207.500 222.500 237.500 252.500 267.500 282.500 297.500 312.500 327.500 342.500 357.500 372.500 387.500 402.500 417.500 432.500 447.500 462.500 477.500 492.500 

SNR: 
14.533 18.768 18.316 18.032 17.539 16.905 16.385 15.985 15.114 14.429 13.661 13.253 12.490 11.897 11.307 10.651 10.165 9.442 8.981 8.202 7.579 7.041 6.495 5.984 5.322 4.872 4.423 3.830 3.379 2.198 4.880 
Mean SNR: 13.272

Throughput per PRB: 
556.021 775.762 739.152 707.892 669.602 624.681 594.167 562.723 510.832 477.620 442.733 427.947 397.958 370.722 353.256 330.478 309.439 291.406 265.994 245.226 231.976 216.468 199.244 184.377 170.587 161.055 152.301 139.191 133.149 115.344 150.643 
Mean throughput per PRB: 426.230

Throughput: 
2669.456 3870.278 3760.805 3190.470 2521.052 2301.948 2195.446 2065.193 1886.503 1781.047 1732.415 1776.407 1716.790 1497.344 1336.721 1144.117 1077.465 1005.350 900.920 836.465 694.537 707.635 616.660 539.302 477.133 421.159 356.994 204.751 117.704 50.982 22.446 
Mean throughput: 1402.435
Cell throughput: 43475.492

Number of PRBs: 
4.801 4.989 5.088 4.507 3.765 3.685 3.695 3.670 3.693 3.729 3.913 4.151 4.314 4.039 3.784 3.462 3.482 3.450 3.387 3.411 2.994 3.269 3.095 2.925 2.797 2.615 2.344 1.471 0.884 0.442 0.149 
Cell PRBs: 102.000

SNR for CDF: 
-10.000 -9.500 -9.000 -8.500 -8.000 -7.500 -7.000 -6.500 -6.000 -5.500 -5.000 -4.500 -4.000 -3.500 -3.000 -2.500 -2.000 -1.500 -1.000 -0.500 0.000 0.500 1.000 1.500 2.000 2.500 3.000 3.500 4.000 4.500 5.000 5.500 6.000 6.500 7.000 7.500 8.000 8.500 9.000 9.500 10.000 10.500 11.000 11.500 12.000 12.500 13.000 13.500 14.000 14.500 15.000 15.500 16.000 16.500 17.000 17.500 18.000 18.500 19.000 19.500 20.000 20.500 21.000 21.500 22.000 22.500 23.000 23.500 24.000 24.500 25.000 25.500 26.000 26.500 27.000 27.500 28.000 28.500 29.000 29.500 30.000 

Probability for SNR(CDF): 
0.00000 0.00000 0.00000 0.00000 0.00000 0.00000 0.00000 0.00565 0.02595 0.02600 0.02850 0.03657 0.06294 0.06297 0.06692 0.07741 0.10784 0.10788 0.11433 0.12890 0.16587 0.16598 0.17573 0.19271 0.23088 0.23099 0.24707 0.26671 0.30943 0.30948 0.32452 0.34444 0.38095 0.38330 0.40432 0.45980 0.46054 0.46623 0.48614 0.54078 0.54142 0.54632 0.56628 0.61634 0.61671 0.62793 0.64994 0.69240 0.69258 0.71275 0.78023 0.78661 0.79576 0.83147 0.88214 0.88333 0.88575 0.88934 0.89670 0.89670 0.89916 0.90234 0.90575 1.00000 1.00000 1.00000 1.00000 1.00000 1.00000 1.00000 1.00000 1.00000 1.00000 1.00000 1.00000 1.00000 1.00000 1.00000 1.00000 1.00000 1.00000 

Throughput for CDF: 
0.000 12.500 25.000 37.500 50.000 62.500 75.000 87.500 100.000 112.500 125.000 137.500 150.000 162.500 175.000 187.500 200.000 212.500 225.000 237.500 250.000 262.500 275.000 287.500 300.000 312.500 325.000 337.500 350.000 362.500 375.000 387.500 400.000 412.500 425.000 437.500 450.000 462.500 475.000 487.500 500.000 512.500 525.000 537.500 550.000 562.500 575.000 587.500 600.000 612.500 625.000 637.500 650.000 662.500 675.000 687.500 700.000 712.500 725.000 737.500 750.000 762.500 775.000 787.500 800.000 812.500 825.000 837.500 850.000 862.500 875.000 887.500 900.000 912.500 925.000 937.500 950.000 962.500 975.000 987.500 1000.000 

Probability for throughput(CDF): 
0.00000 0.00000 0.02600 0.02600 0.06297 0.10788 0.10788 0.10788 0.16598 0.16598 0.16598 0.16598 0.23096 0.23096 0.23096 0.23096 0.30947 0.30947 0.30947 0.30947 0.38098 0.38098 0.38098 0.38098 0.38098 0.46057 0.46057 0.46057 0.46057 0.46057 0.46057 0.46057 0.54143 0.54143 0.54143 0.54143 0.61671 0.61671 0.61671 0.61671 0.61671 0.61671 0.61671 0.61671 0.69250 0.69250 0.69250 0.69250 0.69250 0.69250 0.69250 0.78667 0.78667 0.78667 0.78667 0.78667 0.78667 0.78667 0.78667 0.88330 0.88330 0.88330 0.88330 0.88330 0.88330 0.88330 0.88330 0.89670 0.89670 0.89670 0.89670 0.89670 0.90200 0.90200 0.90200 0.90200 0.90200 0.90200 0.90200 0.90200 1.00000 