Distance: 
42.500 57.500 72.500 87.500 102.500 117.500 132.500 147.500 162.500 177.500 192.500 207.500 222.500 237.500 252.500 267.500 282.500 297.500 312.500 327.500 342.500 357.500 372.500 387.500 402.500 417.500 432.500 447.500 462.500 477.500 492.500 

SNR: 
14.379 14.081 13.676 13.529 13.314 13.052 12.638 12.362 11.664 11.260 10.905 10.030 9.789 9.647 8.935 8.311 8.008 7.028 6.761 6.971 6.107 6.921 6.590 7.259 9.408 9.071 8.184 7.556 7.142 5.932 6.511 
Mean SNR: 10.433

Throughput per PRB: 
535.978 525.403 501.730 494.660 479.080 462.155 442.403 424.947 397.424 374.483 363.653 335.572 330.838 319.288 306.715 279.266 271.715 248.151 232.072 226.552 213.131 214.224 205.812 221.235 302.756 299.136 272.834 261.704 257.932 223.051 231.493 
Mean throughput per PRB: 342.618

Throughput: 
2126.760 2072.717 2071.143 1860.909 1590.545 1459.949 1496.206 1369.180 1299.179 1236.916 1287.696 1247.655 1190.687 1214.254 1044.365 908.173 847.750 750.160 700.394 655.414 610.835 611.181 599.531 761.490 1465.037 1714.051 1265.949 745.334 462.987 194.054 86.578 
Mean throughput: 1127.325
Cell throughput: 34947.078

Number of PRBs: 
3.968 3.945 4.128 3.762 3.320 3.159 3.382 3.222 3.269 3.303 3.541 3.718 3.599 3.803 3.405 3.252 3.120 3.023 3.018 2.893 2.866 2.853 2.913 3.442 4.839 5.730 4.640 2.848 1.795 0.870 0.374 
Cell PRBs: 102.000

SNR for CDF: 
-10.000 -9.500 -9.000 -8.500 -8.000 -7.500 -7.000 -6.500 -6.000 -5.500 -5.000 -4.500 -4.000 -3.500 -3.000 -2.500 -2.000 -1.500 -1.000 -0.500 0.000 0.500 1.000 1.500 2.000 2.500 3.000 3.500 4.000 4.500 5.000 5.500 6.000 6.500 7.000 7.500 8.000 8.500 9.000 9.500 10.000 10.500 11.000 11.500 12.000 12.500 13.000 13.500 14.000 14.500 15.000 15.500 16.000 16.500 17.000 17.500 18.000 18.500 19.000 19.500 20.000 20.500 21.000 21.500 22.000 22.500 23.000 23.500 24.000 24.500 25.000 25.500 26.000 26.500 27.000 27.500 28.000 28.500 29.000 29.500 30.000 

Probability for SNR(CDF): 
0.00000 0.00000 0.00000 0.00000 0.00000 0.00000 0.00000 0.00385 0.01644 0.01648 0.01836 0.02479 0.04506 0.04507 0.04836 0.05848 0.08634 0.08637 0.09247 0.10755 0.15276 0.15302 0.16526 0.18648 0.23733 0.23746 0.25825 0.28351 0.34140 0.34145 0.36154 0.39083 0.44317 0.44592 0.47517 0.54733 0.54835 0.55617 0.58503 0.65776 0.65841 0.66543 0.69146 0.75133 0.75150 0.76506 0.79062 0.83600 0.83612 0.85515 0.91411 0.91921 0.92676 0.95467 0.99025 0.99059 0.99123 0.99206 0.99328 0.99328 0.99350 0.99382 0.99424 1.00000 1.00000 1.00000 1.00000 1.00000 1.00000 1.00000 1.00000 1.00000 1.00000 1.00000 1.00000 1.00000 1.00000 1.00000 1.00000 1.00000 1.00000 

Throughput for CDF: 
0.000 12.500 25.000 37.500 50.000 62.500 75.000 87.500 100.000 112.500 125.000 137.500 150.000 162.500 175.000 187.500 200.000 212.500 225.000 237.500 250.000 262.500 275.000 287.500 300.000 312.500 325.000 337.500 350.000 362.500 375.000 387.500 400.000 412.500 425.000 437.500 450.000 462.500 475.000 487.500 500.000 512.500 525.000 537.500 550.000 562.500 575.000 587.500 600.000 612.500 625.000 637.500 650.000 662.500 675.000 687.500 700.000 712.500 725.000 737.500 750.000 762.500 775.000 787.500 800.000 812.500 825.000 837.500 850.000 862.500 875.000 887.500 900.000 912.500 925.000 937.500 950.000 962.500 975.000 987.500 1000.000 

Probability for throughput(CDF): 
0.00000 0.00000 0.01648 0.01648 0.04507 0.08637 0.08637 0.08637 0.15299 0.15299 0.15299 0.15299 0.23746 0.23746 0.23746 0.23746 0.34144 0.34144 0.34144 0.34144 0.44318 0.44318 0.44318 0.44318 0.44318 0.54835 0.54835 0.54835 0.54835 0.54835 0.54835 0.54835 0.65841 0.65841 0.65841 0.65841 0.75150 0.75150 0.75150 0.75150 0.75150 0.75150 0.75150 0.75150 0.83607 0.83607 0.83607 0.83607 0.83607 0.83607 0.83607 0.91923 0.91923 0.91923 0.91923 0.91923 0.91923 0.91923 0.91923 0.99060 0.99060 0.99060 0.99060 0.99060 0.99060 0.99060 0.99060 0.99328 0.99328 0.99328 0.99328 0.99328 0.99377 0.99377 0.99377 0.99377 0.99377 0.99377 0.99377 0.99377 1.00000 