Distance: 
42.500 57.500 72.500 87.500 102.500 117.500 132.500 147.500 162.500 177.500 192.500 207.500 222.500 237.500 252.500 267.500 282.500 297.500 312.500 327.500 342.500 357.500 372.500 387.500 402.500 417.500 432.500 447.500 462.500 477.500 492.500 

SNR: 
14.650 14.304 13.943 13.713 13.357 12.973 12.537 12.239 11.513 11.083 10.540 10.342 9.655 9.059 8.809 8.138 7.585 6.816 6.564 6.279 6.026 12.154 11.064 10.346 9.813 8.881 8.286 6.888 6.776 5.971 4.951 
Mean SNR: 10.712

Throughput per PRB: 
557.006 540.907 516.767 506.148 483.103 464.005 444.845 419.743 388.225 374.947 350.578 340.990 320.217 306.166 295.438 274.941 259.838 243.019 228.117 213.242 198.218 402.754 357.819 336.608 321.477 284.589 268.913 238.643 239.501 214.057 192.455 
Mean throughput per PRB: 361.778

Throughput: 
2395.683 2347.538 2282.558 1954.745 1715.981 1628.193 1529.376 1495.963 1297.448 1351.684 1350.075 1276.665 1262.937 1162.208 1104.936 912.804 846.293 780.575 747.767 648.257 618.243 1617.059 1399.786 1254.203 1242.831 986.101 839.278 410.227 274.947 134.856 32.140 
Mean throughput: 1190.366
Cell throughput: 36901.358

Number of PRBs: 
4.301 4.340 4.417 3.862 3.552 3.509 3.438 3.564 3.342 3.605 3.851 3.744 3.944 3.796 3.740 3.320 3.257 3.212 3.278 3.040 3.119 4.015 3.912 3.726 3.866 3.465 3.121 1.719 1.148 0.630 0.167 
Cell PRBs: 102.000

SNR for CDF: 
-10.000 -9.500 -9.000 -8.500 -8.000 -7.500 -7.000 -6.500 -6.000 -5.500 -5.000 -4.500 -4.000 -3.500 -3.000 -2.500 -2.000 -1.500 -1.000 -0.500 0.000 0.500 1.000 1.500 2.000 2.500 3.000 3.500 4.000 4.500 5.000 5.500 6.000 6.500 7.000 7.500 8.000 8.500 9.000 9.500 10.000 10.500 11.000 11.500 12.000 12.500 13.000 13.500 14.000 14.500 15.000 15.500 16.000 16.500 17.000 17.500 18.000 18.500 19.000 19.500 20.000 20.500 21.000 21.500 22.000 22.500 23.000 23.500 24.000 24.500 25.000 25.500 26.000 26.500 27.000 27.500 28.000 28.500 29.000 29.500 30.000 

Probability for SNR(CDF): 
0.00000 0.00000 0.00000 0.00000 0.00000 0.00000 0.00000 0.00416 0.01720 0.01726 0.01896 0.02549 0.04600 0.04600 0.04949 0.05890 0.08571 0.08576 0.09213 0.10638 0.14685 0.14713 0.15864 0.17948 0.22354 0.22363 0.24287 0.26518 0.31672 0.31683 0.33570 0.36100 0.40670 0.40919 0.43617 0.50560 0.50666 0.51391 0.54115 0.61316 0.61406 0.62087 0.64786 0.70995 0.71026 0.72598 0.75525 0.80385 0.80397 0.82581 0.89478 0.90101 0.91040 0.94418 0.98871 0.98952 0.99078 0.99190 0.99364 0.99364 0.99395 0.99460 0.99504 1.00000 1.00000 1.00000 1.00000 1.00000 1.00000 1.00000 1.00000 1.00000 1.00000 1.00000 1.00000 1.00000 1.00000 1.00000 1.00000 1.00000 1.00000 

Throughput for CDF: 
0.000 12.500 25.000 37.500 50.000 62.500 75.000 87.500 100.000 112.500 125.000 137.500 150.000 162.500 175.000 187.500 200.000 212.500 225.000 237.500 250.000 262.500 275.000 287.500 300.000 312.500 325.000 337.500 350.000 362.500 375.000 387.500 400.000 412.500 425.000 437.500 450.000 462.500 475.000 487.500 500.000 512.500 525.000 537.500 550.000 562.500 575.000 587.500 600.000 612.500 625.000 637.500 650.000 662.500 675.000 687.500 700.000 712.500 725.000 737.500 750.000 762.500 775.000 787.500 800.000 812.500 825.000 837.500 850.000 862.500 875.000 887.500 900.000 912.500 925.000 937.500 950.000 962.500 975.000 987.500 1000.000 

Probability for throughput(CDF): 
0.00000 0.00000 0.01726 0.01726 0.04600 0.08576 0.08576 0.08576 0.14711 0.14711 0.14711 0.14711 0.22362 0.22362 0.22362 0.22362 0.31680 0.31680 0.31680 0.31680 0.40675 0.40675 0.40675 0.40675 0.40675 0.50668 0.50668 0.50668 0.50668 0.50668 0.50668 0.50668 0.61409 0.61409 0.61409 0.61409 0.71025 0.71025 0.71025 0.71025 0.71025 0.71025 0.71025 0.71025 0.80392 0.80392 0.80392 0.80392 0.80392 0.80392 0.80392 0.90106 0.90106 0.90106 0.90106 0.90106 0.90106 0.90106 0.90106 0.98953 0.98953 0.98953 0.98953 0.98953 0.98953 0.98953 0.98953 0.99364 0.99364 0.99364 0.99364 0.99364 0.99454 0.99454 0.99454 0.99454 0.99454 0.99454 0.99454 0.99454 1.00000 