Distance: 
42.500 57.500 72.500 87.500 102.500 117.500 132.500 147.500 162.500 177.500 192.500 207.500 222.500 237.500 252.500 267.500 282.500 297.500 312.500 327.500 342.500 357.500 372.500 387.500 402.500 417.500 432.500 447.500 462.500 477.500 492.500 

SNR: 
14.543 14.352 14.001 13.698 13.330 12.738 12.406 14.926 17.429 16.599 16.433 15.649 15.324 14.638 14.108 13.342 12.526 11.706 10.944 10.454 9.420 8.742 8.037 7.004 6.556 5.396 4.984 3.721 3.358 4.041 4.849 
Mean SNR: 12.798

Throughput per PRB: 
556.388 547.382 528.188 512.730 488.618 461.484 444.430 504.082 618.917 565.814 551.528 509.349 488.003 454.991 433.404 401.826 361.777 345.336 312.749 294.459 267.322 246.417 225.790 205.247 193.435 170.296 160.499 138.603 134.847 146.266 164.209 
Mean throughput per PRB: 414.779

Throughput: 
2775.266 2672.869 2746.051 2073.995 1920.270 1744.871 1587.502 1771.344 2260.904 2225.913 2289.946 2115.837 1968.116 1840.892 1701.978 1410.409 1298.057 1160.674 1043.017 993.798 851.420 762.662 725.689 611.841 542.004 463.546 348.603 192.797 104.776 77.082 25.288 
Mean throughput: 1364.755
Cell throughput: 42307.418

Number of PRBs: 
4.988 4.883 5.199 4.045 3.930 3.781 3.572 3.514 3.653 3.934 4.152 4.154 4.033 4.046 3.927 3.510 3.588 3.361 3.335 3.375 3.185 3.095 3.214 2.981 2.802 2.722 2.172 1.391 0.777 0.527 0.154 
Cell PRBs: 102.000

SNR for CDF: 
-10.000 -9.500 -9.000 -8.500 -8.000 -7.500 -7.000 -6.500 -6.000 -5.500 -5.000 -4.500 -4.000 -3.500 -3.000 -2.500 -2.000 -1.500 -1.000 -0.500 0.000 0.500 1.000 1.500 2.000 2.500 3.000 3.500 4.000 4.500 5.000 5.500 6.000 6.500 7.000 7.500 8.000 8.500 9.000 9.500 10.000 10.500 11.000 11.500 12.000 12.500 13.000 13.500 14.000 14.500 15.000 15.500 16.000 16.500 17.000 17.500 18.000 18.500 19.000 19.500 20.000 20.500 21.000 21.500 22.000 22.500 23.000 23.500 24.000 24.500 25.000 25.500 26.000 26.500 27.000 27.500 28.000 28.500 29.000 29.500 30.000 

Probability for SNR(CDF): 
0.00000 0.00000 0.00000 0.00000 0.00000 0.00000 0.00000 0.00570 0.02434 0.02437 0.02677 0.03474 0.05957 0.05959 0.06367 0.07440 0.10391 0.10397 0.11001 0.12383 0.16243 0.16275 0.17326 0.19125 0.23206 0.23225 0.24861 0.26878 0.31221 0.31231 0.32756 0.34929 0.38447 0.38646 0.40773 0.46088 0.46210 0.46771 0.48738 0.54177 0.54239 0.54824 0.56814 0.61649 0.61691 0.62861 0.65111 0.69625 0.69653 0.71744 0.79075 0.79784 0.80869 0.84957 0.91052 0.91184 0.91542 0.92150 0.93539 0.93539 0.93930 0.94472 0.95022 1.00000 1.00000 1.00000 1.00000 1.00000 1.00000 1.00000 1.00000 1.00000 1.00000 1.00000 1.00000 1.00000 1.00000 1.00000 1.00000 1.00000 1.00000 

Throughput for CDF: 
0.000 12.500 25.000 37.500 50.000 62.500 75.000 87.500 100.000 112.500 125.000 137.500 150.000 162.500 175.000 187.500 200.000 212.500 225.000 237.500 250.000 262.500 275.000 287.500 300.000 312.500 325.000 337.500 350.000 362.500 375.000 387.500 400.000 412.500 425.000 437.500 450.000 462.500 475.000 487.500 500.000 512.500 525.000 537.500 550.000 562.500 575.000 587.500 600.000 612.500 625.000 637.500 650.000 662.500 675.000 687.500 700.000 712.500 725.000 737.500 750.000 762.500 775.000 787.500 800.000 812.500 825.000 837.500 850.000 862.500 875.000 887.500 900.000 912.500 925.000 937.500 950.000 962.500 975.000 987.500 1000.000 

Probability for throughput(CDF): 
0.00000 0.00000 0.02437 0.02437 0.05959 0.10397 0.10397 0.10397 0.16271 0.16271 0.16271 0.16271 0.23215 0.23215 0.23215 0.23215 0.31228 0.31228 0.31228 0.31228 0.38449 0.38449 0.38449 0.38449 0.38449 0.46212 0.46212 0.46212 0.46212 0.46212 0.46212 0.46212 0.54239 0.54239 0.54239 0.54239 0.61688 0.61688 0.61688 0.61688 0.61688 0.61688 0.61688 0.61688 0.69640 0.69640 0.69640 0.69640 0.69640 0.69640 0.69640 0.79787 0.79787 0.79787 0.79787 0.79787 0.79787 0.79787 0.79787 0.91181 0.91181 0.91181 0.91181 0.91181 0.91181 0.91181 0.91181 0.93539 0.93539 0.93539 0.93539 0.93539 0.94425 0.94425 0.94425 0.94425 0.94425 0.94425 0.94425 0.94425 1.00000 