Distance: 
42.500 57.500 72.500 87.500 102.500 117.500 132.500 147.500 162.500 177.500 192.500 207.500 222.500 237.500 252.500 267.500 282.500 297.500 312.500 327.500 342.500 357.500 372.500 387.500 402.500 417.500 432.500 447.500 462.500 477.500 492.500 

SNR: 
21.429 21.373 21.271 21.060 20.740 20.425 20.038 19.633 19.246 18.981 18.676 18.347 18.053 17.696 17.077 16.487 15.896 15.316 14.621 13.838 13.137 12.406 11.509 10.776 9.993 9.154 8.478 7.725 7.060 6.470 5.612 
Mean SNR: 17.435

Throughput per PRB: 
997.844 992.336 981.609 959.911 925.917 891.954 850.386 810.979 775.544 758.541 740.798 722.698 706.521 687.863 647.500 614.194 581.795 553.092 520.639 484.897 455.782 426.793 389.306 362.531 335.624 306.172 285.810 271.856 254.527 236.981 209.896 
Mean throughput per PRB: 643.486

Throughput: 
2351.121 1948.749 1705.448 1545.073 1476.837 1489.385 1505.183 1520.423 1324.939 1230.505 1160.533 1104.860 1101.325 1074.166 1043.771 1017.229 943.438 865.367 810.323 757.700 718.039 661.785 608.874 568.667 545.927 593.361 573.335 341.614 194.764 83.939 20.654 
Mean throughput: 996.366
Cell throughput: 30887.336

Number of PRBs: 
2.356 1.964 1.737 1.610 1.595 1.670 1.770 1.875 1.708 1.622 1.567 1.529 1.559 1.562 1.612 1.656 1.622 1.565 1.556 1.563 1.575 1.551 1.564 1.569 1.627 1.938 2.006 1.257 0.765 0.354 0.098 
Cell PRBs: 48.000

SNR for CDF: 
-10.000 -9.500 -9.000 -8.500 -8.000 -7.500 -7.000 -6.500 -6.000 -5.500 -5.000 -4.500 -4.000 -3.500 -3.000 -2.500 -2.000 -1.500 -1.000 -0.500 0.000 0.500 1.000 1.500 2.000 2.500 3.000 3.500 4.000 4.500 5.000 5.500 6.000 6.500 7.000 7.500 8.000 8.500 9.000 9.500 10.000 10.500 11.000 11.500 12.000 12.500 13.000 13.500 14.000 14.500 15.000 15.500 16.000 16.500 17.000 17.500 18.000 18.500 19.000 19.500 20.000 20.500 21.000 21.500 22.000 22.500 23.000 23.500 24.000 24.500 25.000 25.500 26.000 26.500 27.000 27.500 28.000 28.500 29.000 29.500 30.000 

Probability for SNR(CDF): 
0.00000 0.00000 0.00000 0.00000 0.00000 0.00000 0.00000 0.00175 0.00791 0.00791 0.00860 0.01127 0.02005 0.02005 0.02127 0.02505 0.03628 0.03628 0.03868 0.04403 0.05855 0.05855 0.06214 0.06920 0.08656 0.08656 0.09398 0.10323 0.12679 0.12679 0.13555 0.14753 0.17213 0.17360 0.18810 0.22930 0.22930 0.23368 0.25007 0.29720 0.29720 0.30205 0.32004 0.36558 0.36558 0.37653 0.39648 0.43812 0.43812 0.45608 0.50866 0.50866 0.51491 0.53398 0.57748 0.57748 0.58825 0.60553 0.64393 0.64393 0.65445 0.66945 0.68373 1.00000 1.00000 1.00000 1.00000 1.00000 1.00000 1.00000 1.00000 1.00000 1.00000 1.00000 1.00000 1.00000 1.00000 1.00000 1.00000 1.00000 1.00000 

Throughput for CDF: 
0.000 12.500 25.000 37.500 50.000 62.500 75.000 87.500 100.000 112.500 125.000 137.500 150.000 162.500 175.000 187.500 200.000 212.500 225.000 237.500 250.000 262.500 275.000 287.500 300.000 312.500 325.000 337.500 350.000 362.500 375.000 387.500 400.000 412.500 425.000 437.500 450.000 462.500 475.000 487.500 500.000 512.500 525.000 537.500 550.000 562.500 575.000 587.500 600.000 612.500 625.000 637.500 650.000 662.500 675.000 687.500 700.000 712.500 725.000 737.500 750.000 762.500 775.000 787.500 800.000 812.500 825.000 837.500 850.000 862.500 875.000 887.500 900.000 912.500 925.000 937.500 950.000 962.500 975.000 987.500 1000.000 

Probability for throughput(CDF): 
0.00000 0.00000 0.00791 0.00791 0.02005 0.03628 0.03628 0.03628 0.05855 0.05855 0.05855 0.05855 0.08656 0.08656 0.08656 0.08656 0.12679 0.12679 0.12679 0.12679 0.17213 0.17213 0.17213 0.17213 0.17213 0.22930 0.22930 0.22930 0.22930 0.22930 0.22930 0.22930 0.29720 0.29720 0.29720 0.29720 0.36558 0.36558 0.36558 0.36558 0.36558 0.36558 0.36558 0.36558 0.43812 0.43812 0.43812 0.43812 0.43812 0.43812 0.43812 0.50866 0.50866 0.50866 0.50866 0.50866 0.50866 0.50866 0.50866 0.57748 0.57748 0.57748 0.57748 0.57748 0.57748 0.57748 0.57748 0.64393 0.64393 0.64393 0.64393 0.64393 0.66799 0.66799 0.66799 0.66799 0.66799 0.66799 0.66799 0.66799 1.00000 