Distance: 
42.500 57.500 72.500 87.500 102.500 117.500 132.500 147.500 162.500 177.500 192.500 207.500 222.500 237.500 252.500 267.500 282.500 297.500 312.500 327.500 342.500 357.500 372.500 387.500 402.500 417.500 432.500 447.500 462.500 477.500 492.500 

SNR: 
14.496 14.353 14.105 13.748 13.397 12.791 12.191 11.673 11.095 10.621 10.076 9.618 9.067 8.623 8.024 7.295 6.763 6.180 5.512 4.867 4.171 3.381 2.867 2.092 1.441 0.791 0.142 -0.753 -1.632 -2.309 -2.798 
Mean SNR: 9.525

Throughput per PRB: 
556.786 550.091 536.240 516.379 496.470 466.103 434.122 408.844 383.783 365.108 345.079 331.501 313.191 300.810 278.917 258.218 243.536 227.585 211.154 193.243 176.633 156.935 146.452 130.932 118.836 107.848 96.275 81.948 69.151 60.311 53.476 
Mean throughput per PRB: 322.645

Throughput: 
4225.559 3703.651 3316.860 3116.862 3052.796 2966.653 2866.509 2755.443 2349.210 2094.551 1817.808 1673.415 1568.775 1514.700 1429.619 1281.174 1201.654 1086.538 971.095 875.312 798.629 691.079 635.601 555.465 497.850 504.274 425.939 245.417 116.989 45.523 11.743 
Mean throughput: 1561.184
Cell throughput: 48396.694

Number of PRBs: 
7.589 6.733 6.185 6.036 6.149 6.365 6.603 6.740 6.121 5.737 5.268 5.048 5.009 5.035 5.126 4.962 4.934 4.774 4.599 4.530 4.521 4.404 4.340 4.242 4.189 4.676 4.424 2.995 1.692 0.755 0.220 
Cell PRBs: 150.000

SNR for CDF: 
-10.000 -9.500 -9.000 -8.500 -8.000 -7.500 -7.000 -6.500 -6.000 -5.500 -5.000 -4.500 -4.000 -3.500 -3.000 -2.500 -2.000 -1.500 -1.000 -0.500 0.000 0.500 1.000 1.500 2.000 2.500 3.000 3.500 4.000 4.500 5.000 5.500 6.000 6.500 7.000 7.500 8.000 8.500 9.000 9.500 10.000 10.500 11.000 11.500 12.000 12.500 13.000 13.500 14.000 14.500 15.000 15.500 16.000 16.500 17.000 17.500 18.000 18.500 19.000 19.500 20.000 20.500 21.000 21.500 22.000 22.500 23.000 23.500 24.000 24.500 25.000 25.500 26.000 26.500 27.000 27.500 28.000 28.500 29.000 29.500 30.000 

Probability for SNR(CDF): 
0.00000 0.00000 0.00000 0.00000 0.00000 0.00000 0.00000 0.00865 0.03707 0.03720 0.04062 0.05269 0.08770 0.08775 0.09285 0.10807 0.15028 0.15038 0.15938 0.17931 0.23282 0.23326 0.24652 0.27045 0.32113 0.32136 0.34071 0.36497 0.41679 0.41698 0.43391 0.45780 0.49875 0.50114 0.52386 0.58240 0.58355 0.58951 0.61096 0.66632 0.66722 0.67280 0.69308 0.74162 0.74205 0.75304 0.77505 0.81518 0.81538 0.83445 0.89914 0.90640 0.91607 0.95060 0.99836 0.99986 1.00000 1.00000 1.00000 1.00000 1.00000 1.00000 1.00000 1.00000 1.00000 1.00000 1.00000 1.00000 1.00000 1.00000 1.00000 1.00000 1.00000 1.00000 1.00000 1.00000 1.00000 1.00000 1.00000 1.00000 1.00000 

Throughput for CDF: 
0.000 12.500 25.000 37.500 50.000 62.500 75.000 87.500 100.000 112.500 125.000 137.500 150.000 162.500 175.000 187.500 200.000 212.500 225.000 237.500 250.000 262.500 275.000 287.500 300.000 312.500 325.000 337.500 350.000 362.500 375.000 387.500 400.000 412.500 425.000 437.500 450.000 462.500 475.000 487.500 500.000 512.500 525.000 537.500 550.000 562.500 575.000 587.500 600.000 612.500 625.000 637.500 650.000 662.500 675.000 687.500 700.000 712.500 725.000 737.500 750.000 762.500 775.000 787.500 800.000 812.500 825.000 837.500 850.000 862.500 875.000 887.500 900.000 912.500 925.000 937.500 950.000 962.500 975.000 987.500 1000.000 

Probability for throughput(CDF): 
0.00000 0.00000 0.03720 0.03720 0.08775 0.15038 0.15038 0.15038 0.23326 0.23326 0.23326 0.23326 0.32133 0.32133 0.32133 0.32133 0.41695 0.41695 0.41695 0.41695 0.49883 0.49883 0.49883 0.49883 0.49883 0.58358 0.58358 0.58358 0.58358 0.58358 0.58358 0.58358 0.66723 0.66723 0.66723 0.66723 0.74204 0.74204 0.74204 0.74204 0.74204 0.74204 0.74204 0.74204 0.81528 0.81528 0.81528 0.81528 0.81528 0.81528 0.81528 0.90648 0.90648 0.90648 0.90648 0.90648 0.90648 0.90648 0.90648 0.99987 0.99987 0.99987 0.99987 0.99987 0.99987 0.99987 0.99987 1.00000 1.00000 1.00000 1.00000 1.00000 1.00000 1.00000 1.00000 1.00000 1.00000 1.00000 1.00000 1.00000 1.00000 